

[2025-01-28T01:36:13.987928] SSID: Desconhecido
BSSID: 02:00:00:00:00:00
IP: 10.0.0.146
[2025-01-28T01:36:33.955251] SSID: Desconhecido
BSSID: 02:00:00:00:00:00
IP: 10.0.0.146
[2025-01-28T01:37:03.643447] SSID: Desconhecido
BSSID: 02:00:00:00:00:00
IP: 10.0.0.146
[2025-01-28T01:39:36.033444] SSID: Desconhecido
BSSID: 02:00:00:00:00:00
IP: 10.0.0.146